Quals 1
5937	3219	5827	4469	5683	360	35	55
Quals 2
8248	4180	2046	1294	2980	2930	65	44
Quals 3
4450	4915	2412	2522	2903	948	25	28
Quals 4
9450	492	2910	9023	9036	2926	88	36
Quals 5
1318	5588	6350	1983	3786	1899	44	25
Quals 6
2980	4512	4469	3588	360	4180	56	45
Quals 7
8248	5937	9023	4450	948	5827	32	54
Quals 8
9450	2522	5588	2046	1983	2903	44	43
Quals 9
1294	4512	3588	2910	2926	1899	19	51
Quals 10
492	5683	1318	2930	4915	3786	58	54
Quals 11
9036	3219	4180	6350	2412	8248	44	18
Quals 12
360	2926	4450	1899	5588	3588	65	18
Quals 13
1294	492	1983	5827	2522	9023	49	52
Quals 14
948	2980	1318	5683	6350	9036	73	41
Quals 15
2412	2930	4512	9450	3219	3786	54	42
Quals 16
2910	4469	2046	5937	4915	2903	89	17
Quals 17
2522	1294	5683	6350	492	360	36	79
Quals 18
3786	2926	5827	9023	9450	4450	46	57
Quals 19
3588	2046	5937	2412	9036	1983	43	31
Quals 20
4512	2903	1318	2930	1899	8248	34	54
Quals 21
4915	2910	948	5588	2980	3219	59	24
Quals 22
2926	4180	1983	4469	4450	492	52	69
Quals 23
1294	6350	5827	9450	2930	5937	36	78
Quals 24
360	8248	2910	2046	948	3219	52	74
Quals 25
2903	1899	3786	2980	2412	5683	40	46
Quals 26
9023	1318	4469	4915	4180	4512	92	35
Quals 27
5588	9036	5937	2522	6350	3588	43	35
Quals 28
1899	360	2046	3219	1294	4450	75	21
Quals 29
2412	2903	492	1318	5827	4180	61	69
Quals 30
4915	1983	2980	4512	9450	2926	36	80
Quals 31
9036	2930	948	4469	2522	3786	67	46
Quals 32
5588	9023	8248	2910	5683	3588	47	54
Quals 33
2980	5827	9450	1318	5937	1899	78	39
Quals 34
2903	4469	9036	2926	6350	948	40	76
Quals 35
4180	4450	2930	5588	4915	2910	67	37
Quals 36
9023	3588	1983	2046	2412	1294	36	57
Quals 37
4512	3786	5683	3219	492	2522	49	74
Quals 38
8248	9450	4915	360	4450	2980	41	58
Quals 39
5827	4469	2930	1899	9036	1294	77	30
Quals 40
2926	3219	2412	1983	2910	6350	17	55
Quals 41
4180	3786	9023	1318	8248	2522	34	66
Quals 42
2903	360	5588	492	5937	4512	58	51
Quals 43
948	3588	4469	5683	2046	4915	46	94
Quals 44
3786	2910	1294	9036	5827	8248	63	56
Quals 45
3219	1318	360	2522	2980	2926	71	52
Quals 46
948	1983	5683	2903	3588	2930	45	50
Quals 47
1899	2412	9450	4180	5588	492	55	78
Quals 48
6350	4450	5937	4512	9023	2046	18	64
Quals 49
5827	2903	2980	3588	2930	3219	64	48
Quals 50
4915	1294	360	3786	1318	9036	46	53
Quals 51
6350	4180	9450	948	4512	5588	68	62
Quals 52
4450	5683	1899	2412	9023	2910	59	41
Quals 53
1983	5937	2522	4469	8248	2926	31	45
Quals 54
492	3588	9036	2046	1318	9450	66	71
Quals 55
5683	9023	3219	4180	1294	2903	45	46
Quals 56
360	2522	2412	2910	5827	4512	49	78
Quals 57
2930	2046	6350	492	2926	4915	68	77
Quals 58
8248	3786	4450	1983	5588	4469	16	59
Quals 59
2980	1899	4180	5937	948	1294	41	43
Quals 60
9036	2910	2522	5683	9450	2903	57	39
Quals 61
3219	4512	6350	4450	1983	1318	30	66
Quals 62
3786	948	492	3588	8248	2980	52	38
Quals 63
2926	2046	5588	5827	1899	4915	61	69
Quals 64
5937	4469	2412	2930	360	9023	50	52
